1611611111. XXXV

11116 nem 1111611111 16 11168 6 11161861. 1166611611116116
1161116 1611111611 11166 161161 61111, de 116111 16111111 11166-
11611 11111161 1166116111 61611 fejdelem 111111, 1116116 111-

161611611161 61611 11161161 161168)1 gondolatra, hogy
1111111816 1111611 16166618 6111 1616161611166. [1611616

1 1111111161 1111161111, 1168)1 6 8611116161 6161616616111166

611116 6 11681618 16116111161 11111111, 6116111116111-
1111111, 61611 1611111116 1611611 (11661111, 61611611 6 11611·
16, 116 68166611 11161161] 1111616111 661611 16, boldogabb
11111161 1611611 (1611161111111. - Ennyiben r6szrehaj16
116161 1611 dolgunk: 6111161161111161161161161111111111111·

' 16111611, ὄ 6 11816111161111166111111111111, 6111661111111111161-

111, 6816161611111111 1111111611 6111611, 6 6 1111611111 1111116
111111811111816161111166611 161111 8111661611116.
XIV. Μ161111 11111111 11168116 1611111611 1111111111

‘ 6116161 az olvaso 11611, 1118611611 az 11611111

11161611161, 116111 vetem Decsi n6mely 6166161611 6
181111 68116 1116611, melyek 611161161811, 11111611,

, 861161161161116116611 111181116116 1161811111, 6181111·

1
1
1

11111) 1111611611 fel 68161 6161161, 1111111611 61 11611611,
16116 6116161161, 6611111111ιὶ 111866 1611.

ω

 

